Results of running prob_fwding_parallel.py on a RGG with M given by RGG_M.txt with m=101, lambda=4.54 and radius=1 
k=20
delta=0.1
n=20:1:40

# From simulations
pkndelta=[0.59,0.504,0.452,0.429,0.406,0.395,0.385,0.377,0.37,0.365,0.361,0.358,0.355,0.353,0.35,0.348,0.3464,0.3457,0.3439,0.342,0.341]

tau_kndelta=[543226.33999999997, 481529.90999999997, 439355.02000000002, 422168.51000000001, 408202.78000000003, 405761.42999999999, 391214.03000000003, 392616.51000000001, 386506.12, 385633.88, 384712.65999999997, 388600.75, 396060.92999999999, 396466.79999999999, 397323.46999999997, 394216.03000000003, 400485.15999999997, 398709.42999999999, 403578.78999999998, 402104.57000000001, 403572.15999999997]

